Input:
3 3 9
0 0 
0 1
0 2
1 0
1 1
1 2
2 0
2 1
2 2
1
Output:
1 0 1 
0 0 0 
1 0 1

Input:
8 8 24
0 4
0 5
1 0
1 3
1 5
2 0
2 2
2 3
2 5
3 0
3 1
3 6
4 2
4 3
4 5
4 7
5 6
6 0
6 1
6 5
6 6
6 7
7 0
7 1
8
Output:
0 0 0 0 1 0 1 0 
0 0 0 0 0 0 0 1 
0 0 0 0 1 0 1 0 
0 1 0 0 0 0 0 0 
1 0 1 0 0 0 0 0 
0 1 1 0 0 0 0 0 
0 0 0 0 0 0 0 0 
0 0 0 0 0 0 0 0 

Input:
5
6
10
0 4
1 3
1 4
2 5
3 1
3 2
3 3
3 5
4 1
4 2
3
Output:
0 0 0 0 0 0 
0 0 1 1 0 1 
0 0 1 0 0 1 
0 0 1 0 0 1 
0 0 0 1 1 0 

Input:
7
8
13
1 2
1 3
1 4
2 2
2 3
2 4
3 2
3 4
3 3
4 7
5 2
5 3
6 2
2
Output:
0 0 0 1 0 0 0 0 
0 0 1 1 1 0 0 0 
0 1 1 0 1 1 0 0 
0 0 0 1 1 1 0 0 
0 0 1 0 1 0 0 0 
0 0 1 0 1 0 0 0 
0 0 1 1 0 0 0 0 

Input:
3
3
3
0 0
1 1
2 2
2
Output:
0 0 0 
0 0 0 
0 0 0 

Input:
2
4
4
0 2
0 3
1 1
1 2
2
Output:
0 1 0 1 
0 1 0 1 

Input:
2
2
4
0 0
0 1
1 0
1 1
16
Output:
1 1 
1 1 

